=== Train ===
Accuracy : 0.9424490341356219
Precision: 0.9432706222865412
Recall   : 0.9542175729990151
F1 Score : 0.9487125201788975

=== Dev ===
Accuracy : 0.8096330275229358
Precision: 0.7982832618025751
Recall   : 0.8378378378378378
F1 Score : 0.8175824175824176

